0 0.7340494791666666 0.14013671875 0.341796875 0.2802734375
0 0.4345703125 0.4658203125 0.4889322916666667 0.388671875
0 0.6214192708333334 0.280029296875 0.5983072916666666 0.455078125
0 0.2822265625 0.612060546875 0.3990885416666667 0.3076171875
0 0.19498697916666666 0.714599609375 0.302734375 0.23046875
0 0.5166015625 0.072265625 0.255859375 0.14453125
0 0.3694661458333333 0.197509765625 0.1796875 0.150390625
0 0.19173177083333334 0.4013671875 0.07552083333333333 0.06640625
0 0.24055989583333334 0.383544921875 0.16145833333333334 0.12353515625
0 0.126953125 0.49462890625 0.07942708333333333 0.06982421875
0 0.162109375 0.478271484375 0.11848958333333333 0.0869140625
0 0.2919921875 0.297607421875 0.12434895833333333 0.13427734375
0 0.4654947916666667 0.05908203125 0.18098958333333334 0.1181640625
0 0.3694661458333333 0.142333984375 0.10286458333333333 0.07861328125
0 0.2470703125 0.28955078125 0.09440104166666667 0.0673828125