0 0.748046875 0.31689453125 0.2845052083333333 0.2431640625
0 0.607421875 0.45361328125 0.41015625 0.3193359375
0 0.8522135416666666 0.22607421875 0.11067708333333333 0.12255859375
0 0.8981119791666666 0.3671875 0.20377604166666666 0.1962890625
0 0.5393880208333334 0.312255859375 0.17578125 0.138671875
0 0.3883463541666667 0.487548828125 0.3138020833333333 0.26953125
0 0.5305989583333334 0.399169921875 0.263671875 0.234375
0 0.6682942708333334 0.233154296875 0.12434895833333333 0.07861328125
0 0.4518229166666667 0.288818359375 0.09375 0.0615234375
0 0.3580729166666667 0.32958984375 0.125 0.0849609375
0 0.24869791666666666 0.398681640625 0.15755208333333334 0.10546875
0 0.6064453125 0.26171875 0.138671875 0.12646484375