0 0.1328125 0.62109375 0.25390625 0.197265625
0 0.13118489583333334 0.619384765625 0.2565104166666667 0.19873046875
0 0.6038411458333334 0.766357421875 0.7024739583333334 0.46728515625
0 0.5455729166666666 0.26318359375 0.142578125 0.10791015625
0 0.2545572916666667 0.540283203125 0.24153645833333334 0.185546875
0 0.23990885416666666 0.53515625 0.22721354166666666 0.17236328125
0 0.404296875 0.393798828125 0.17838541666666666 0.138671875
0 0.6162109375 0.210205078125 0.13736979166666666 0.1025390625
0 0.8118489583333334 0.298828125 0.3072916666666667 0.24267578125
0 0.818359375 0.3115234375 0.3190104166666667 0.2548828125
0 0.7259114583333334 0.4853515625 0.4733072916666667 0.3818359375
0 0.6595052083333334 0.353271484375 0.2897135416666667 0.22412109375
0 0.4781901041666667 0.343505859375 0.18033854166666666 0.1416015625
0 0.4075520833333333 0.805419921875 0.5625 0.38916015625
0 0.2692057291666667 0.490966796875 0.15625 0.12841796875
0 0.3811848958333333 0.383544921875 0.14713541666666666 0.11767578125
0 0.685546875 0.14892578125 0.08333333333333333 0.06982421875
0 0.6608072916666666 0.1728515625 0.09830729166666667 0.078125
0 0.58984375 0.217529296875 0.10677083333333333 0.08642578125
0 0.4860026041666667 0.4375 0.18359375 0.130859375