0 0.7734375 0.68115234375 0.453125 0.5302734375
0 0.3326822916666667 0.12060546875 0.1875 0.1630859375
0 0.08333333333333333 0.3408203125 0.16666666666666666 0.3095703125
0 0.19401041666666666 0.25830078125 0.349609375 0.259765625
0 0.6715494791666666 0.150146484375 0.3580729166666667 0.283203125
0 0.4267578125 0.227783203125 0.3671875 0.23095703125
0 0.5983072916666666 0.078857421875 0.2109375 0.15771484375
0 0.2958984375 0.653564453125 0.591796875 0.69287109375
0 0.13899739583333334 0.168701171875 0.16731770833333334 0.1064453125
0 0.3128255208333333 0.090576171875 0.17057291666666666 0.12109375
0 0.462890625 0.036376953125 0.10416666666666667 0.07275390625
0 0.599609375 0.031005859375 0.16666666666666666 0.06201171875
0 0.0908203125 0.156005859375 0.171875 0.12255859375