0 0.8987630208333334 0.81640625 0.07096354166666667 0.07177734375
0 0.8714192708333334 0.751220703125 0.08919270833333333 0.07666015625
0 0.8190104166666666 0.683837890625 0.07421875 0.06884765625
0 0.779296875 0.627685546875 0.115234375 0.080078125
0 0.6070963541666666 0.353515625 0.10286458333333333 0.0732421875
0 0.7340494791666666 0.546630859375 0.08333333333333333 0.0751953125
0 0.6949869791666666 0.479248046875 0.07421875 0.0869140625
0 0.6500651041666666 0.41796875 0.033203125 0.06640625
0 0.5699869791666666 0.290771484375 0.12434895833333333 0.06201171875
0 0.5341796875 0.23193359375 0.111328125 0.05322265625
0 0.4889322916666667 0.1640625 0.08528645833333333 0.04638671875
0 0.4427083333333333 0.09130859375 0.09440104166666667 0.06884765625
0 0.3932291666666667 0.0244140625 0.08984375 0.048828125