0 0.7408854166666666 0.69189453125 0.5182291666666666 0.587890625
0 0.2197265625 0.772216796875 0.4055989583333333 0.45556640625
0 0.23046875 0.31494140625 0.12174479166666667 0.13134765625
0 0.21809895833333334 0.313720703125 0.11263020833333333 0.11083984375
0 0.09147135416666667 0.349609375 0.18294270833333334 0.1630859375
0 0.3727213541666667 0.324462890625 0.107421875 0.1611328125
0 0.6451822916666666 0.32080078125 0.24348958333333334 0.13525390625
0 0.2789713541666667 0.25244140625 0.06966145833333333 0.0615234375
0 0.4768880208333333 0.383544921875 0.240234375 0.2373046875
0 0.037434895833333336 0.442138671875 0.07486979166666667 0.15380859375
0 0.5852864583333334 0.26171875 0.17643229166666666 0.12646484375
0 0.7822265625 0.247314453125 0.18229166666666666 0.17822265625
0 0.3287760416666667 0.22509765625 0.060546875 0.0546875