0 0.9720052083333334 0.75341796875 0.055338541666666664 0.06494140625
0 0.9283854166666666 0.693359375 0.07356770833333333 0.0673828125
0 0.8600260416666666 0.634765625 0.059895833333333336 0.0615234375
0 0.806640625 0.58544921875 0.10026041666666667 0.06689453125
0 0.5677083333333334 0.3408203125 0.08854166666666667 0.0615234375
0 0.7415364583333334 0.51220703125 0.06770833333333333 0.06689453125
0 0.6861979166666666 0.45166015625 0.0546875 0.08056640625
0 0.6263020833333334 0.39794921875 0.016927083333333332 0.06494140625
0 0.515625 0.28466796875 0.11458333333333333 0.04638671875
0 0.4654947916666667 0.23193359375 0.103515625 0.0390625
0 0.4036458333333333 0.171875 0.07747395833333333 0.0361328125
0 0.33984375 0.10693359375 0.08072916666666667 0.05859375
0 0.2740885416666667 0.04638671875 0.08072916666666667 0.0419921875