0 0.7350260416666666 0.80517578125 0.5279947916666666 0.38671875
0 0.5989583333333334 0.107421875 0.11067708333333333 0.140625
0 0.15104166666666666 0.17333984375 0.2265625 0.259765625
0 0.388671875 0.17724609375 0.2604166666666667 0.18896484375
0 0.8763020833333334 0.25634765625 0.24544270833333334 0.2216796875
0 0.6119791666666666 0.2353515625 0.3248697916666667 0.12890625
0 0.8671875 0.1552734375 0.12109375 0.16259765625
0 0.15234375 0.552734375 0.3033854166666667 0.70947265625
0 0.3984375 0.0791015625 0.14583333333333334 0.06103515625
0 0.6009114583333334 0.07373046875 0.13346354166666666 0.0830078125
0 0.7682291666666666 0.07958984375 0.07877604166666667 0.0546875
0 0.9108072916666666 0.0986328125 0.12239583333333333 0.09228515625
0 0.056640625 0.13037109375 0.11263020833333333 0.19677734375
0 0.13411458333333334 0.11376953125 0.123046875 0.18408203125
0 0.3645833333333333 0.05029296875 0.134765625 0.083984375