0 0.9599609375 0.765625 0.05859375 0.06640625
0 0.9192708333333334 0.704345703125 0.07682291666666667 0.0693359375
0 0.853515625 0.64404296875 0.0625 0.06298828125
0 0.8024088541666666 0.593505859375 0.103515625 0.0693359375
0 0.5751953125 0.3427734375 0.09114583333333333 0.06396484375
0 0.7408854166666666 0.5185546875 0.07096354166666667 0.06884765625
0 0.6884765625 0.45654296875 0.05859375 0.08203125
0 0.630859375 0.4013671875 0.020182291666666668 0.0654296875
0 0.5257161458333334 0.28515625 0.11653645833333333 0.04931640625
0 0.4778645833333333 0.231201171875 0.10546875 0.0419921875
0 0.4189453125 0.16943359375 0.07942708333333333 0.0380859375
0 0.3580729166666667 0.10302734375 0.08333333333333333 0.060546875
0 0.2952473958333333 0.040771484375 0.08268229166666667 0.0439453125