0 0.2119140625 0.265869140625 0.369140625 0.21337890625
0 0.5768229166666666 0.225830078125 0.3411458333333333 0.201171875
0 0.8958333333333334 0.19482421875 0.16666666666666666 0.16259765625
0 0.6139322916666666 0.083740234375 0.08528645833333333 0.0302734375
0 0.039388020833333336 0.2998046875 0.07877604166666667 0.150390625
0 0.5432942708333334 0.122802734375 0.19661458333333334 0.0537109375
0 0.693359375 0.103759765625 0.15885416666666666 0.05908203125
0 0.7740885416666666 0.17919921875 0.21809895833333334 0.2138671875
0 0.3310546875 0.2265625 0.14778645833333334 0.21484375
0 0.3274739583333333 0.21923828125 0.2265625 0.20654296875
0 0.10904947916666667 0.176513671875 0.18489583333333334 0.0703125
0 0.765625 0.101318359375 0.1953125 0.0634765625