0 0.5797526041666666 0.43359375 0.1328125 0.12353515625
0 0.6002604166666666 0.388916015625 0.08138020833333333 0.07861328125
0 0.5504557291666666 0.376708984375 0.061197916666666664 0.05517578125
0 0.6334635416666666 0.3779296875 0.038411458333333336 0.06982421875
0 0.5087890625 0.41259765625 0.11979166666666667 0.15869140625
0 0.4326171875 0.46484375 0.12955729166666666 0.14794921875
0 0.3245442708333333 0.43701171875 0.12239583333333333 0.16845703125
0 0.3037109375 0.49169921875 0.06770833333333333 0.07763671875
0 0.298828125 0.505859375 0.051432291666666664 0.07470703125
0 0.3274739583333333 0.4716796875 0.09375 0.07373046875
0 0.3173828125 0.481201171875 0.07096354166666667 0.07373046875