0 0.5872395833333334 0.43896484375 0.11979166666666667 0.1162109375
0 0.6126302083333334 0.39599609375 0.07291666666666667 0.07421875
0 0.564453125 0.38037109375 0.055338541666666664 0.0517578125
0 0.6471354166666666 0.38720703125 0.030598958333333332 0.06787109375
0 0.5188802083333334 0.41357421875 0.10221354166666667 0.15283203125
0 0.4368489583333333 0.46044921875 0.11328125 0.14111328125
0 0.3326822916666667 0.42578125 0.10416666666666667 0.162109375
0 0.3053385416666667 0.47900390625 0.059244791666666664 0.07421875
0 0.298828125 0.49267578125 0.04296875 0.072265625
0 0.3313802083333333 0.46044921875 0.0859375 0.068359375
0 0.3203125 0.46923828125 0.06315104166666667 0.06982421875