0 0.3636067708333333 0.1982421875 0.4192708333333333 0.27392578125
0 0.7190755208333334 0.27294921875 0.3893229166666667 0.2568359375
0 0.9599609375 0.341796875 0.080078125 0.1845703125
0 0.8297526041666666 0.154541015625 0.08984375 0.0458984375
0 0.17578125 0.173095703125 0.15299479166666666 0.16064453125
0 0.744140625 0.16845703125 0.201171875 0.0908203125
0 0.8916015625 0.197021484375 0.16861979166666666 0.087890625
0 0.8919270833333334 0.29052734375 0.21614583333333334 0.2431640625
0 0.4938151041666667 0.198486328125 0.21614583333333334 0.22900390625
0 0.4947916666666667 0.19091796875 0.2858072916666667 0.23828125
0 0.318359375 0.085205078125 0.19661458333333334 0.103515625
0 0.9283854166666666 0.216796875 0.14322916666666666 0.099609375