0 0.4713541666666667 0.33251953125 0.265625 0.34228515625
0 0.4954427083333333 0.08203125 0.078125 0.0693359375
0 0.4993489583333333 0.07373046875 0.06901041666666667 0.0517578125
0 0.60546875 0.08056640625 0.080078125 0.03271484375
0 0.22265625 0.0869140625 0.044921875 0.0615234375
0 0.392578125 0.0869140625 0.10091145833333333 0.04638671875
0 0.40234375 0.0859375 0.07942708333333333 0.03857421875
0 0.921875 0.1025390625 0.12825520833333334 0.05712890625
0 0.9322916666666666 0.06787109375 0.09440104166666667 0.03125
0 0.7356770833333334 0.0771484375 0.06705729166666667 0.015625
0 0.732421875 0.103515625 0.10091145833333333 0.04736328125
0 0.130859375 0.1083984375 0.125 0.1142578125
0 0.026692708333333332 0.1337890625 0.052734375 0.09716796875
0 0.4830729166666667 0.2275390625 0.21158854166666666 0.1923828125
0 0.50390625 0.193359375 0.17057291666666666 0.16748046875