0 0.2854817708333333 0.54296875 0.169921875 0.14208984375
0 0.19759114583333334 0.587646484375 0.14778645833333334 0.13720703125
0 0.4010416666666667 0.473388671875 0.1484375 0.119140625
0 0.4873046875 0.439697265625 0.14713541666666666 0.1240234375
0 0.5299479166666666 0.393310546875 0.07291666666666667 0.06982421875
0 0.5641276041666666 0.359375 0.07161458333333333 0.05712890625
0 0.6875 0.329833984375 0.14192708333333334 0.10791015625
0 0.7796223958333334 0.285400390625 0.126953125 0.11083984375
0 0.22135416666666666 0.564453125 0.14192708333333334 0.1259765625
0 0.3014322916666667 0.518798828125 0.12955729166666666 0.11279296875
0 0.3977864583333333 0.445556640625 0.091796875 0.07080078125
0 0.4388020833333333 0.39501953125 0.050130208333333336 0.02880859375