0 0.33984375 0.38134765625 0.490234375 0.392578125
0 0.1533203125 0.1728515625 0.11848958333333333 0.0908203125
0 0.1494140625 0.164306640625 0.09700520833333333 0.07275390625
0 0.23893229166666666 0.120849609375 0.08984375 0.06298828125
0 0.076171875 0.22412109375 0.11783854166666667 0.0830078125
0 0.0830078125 0.21875 0.09440104166666667 0.06689453125
0 0.5061848958333334 0.02197265625 0.14778645833333334 0.0439453125
0 0.3385416666666667 0.057861328125 0.06575520833333333 0.04345703125
0 0.3577473958333333 0.080322265625 0.11848958333333333 0.083984375
0 0.2630208333333333 0.293212890625 0.3248697916666667 0.24951171875
0 0.2513020833333333 0.256591796875 0.2721354166666667 0.2109375