0 0.830078125 0.4169921875 0.18424479166666666 0.203125
0 0.6236979166666666 0.49365234375 0.2955729166666667 0.2470703125
0 0.9765625 0.36962890625 0.045572916666666664 0.11962890625
0 0.9388020833333334 0.5126953125 0.12109375 0.17431640625
0 0.6451822916666666 0.34423828125 0.125 0.1083984375
0 0.4069010416666667 0.4521484375 0.20247395833333334 0.2255859375
0 0.5865885416666666 0.41943359375 0.16276041666666666 0.201171875
0 0.8072916666666666 0.3154296875 0.10677083333333333 0.04833984375
0 0.580078125 0.29443359375 0.078125 0.0400390625
0 0.4720052083333333 0.30029296875 0.1015625 0.0576171875
0 0.3333333333333333 0.326171875 0.13020833333333334 0.06982421875
0 0.7350260416666666 0.32080078125 0.08203125 0.11083984375