0 0.8369140625 0.4345703125 0.20247395833333334 0.21240234375
0 0.6240234375 0.500244140625 0.3177083333333333 0.26171875
0 0.9794921875 0.394775390625 0.041015625 0.12158203125
0 0.9339192708333334 0.535400390625 0.13216145833333334 0.18017578125
0 0.6591796875 0.352294921875 0.134765625 0.11474609375
0 0.4114583333333333 0.447509765625 0.22265625 0.23583984375
0 0.59375 0.424072265625 0.18098958333333334 0.208984375
0 0.8235677083333334 0.33203125 0.111328125 0.0537109375
0 0.5989583333333334 0.299072265625 0.08138020833333333 0.0439453125
0 0.4905598958333333 0.29931640625 0.10677083333333333 0.06298828125
0 0.3499348958333333 0.31787109375 0.13606770833333334 0.07666015625
0 0.7509765625 0.33349609375 0.09244791666666667 0.11474609375