0 0.4459635416666667 0.169677734375 0.34375 0.25927734375
0 0.4912109375 0.609619140625 0.982421875 0.78076171875
0 0.6315104166666666 0.14697265625 0.2734375 0.203125
0 0.5537109375 0.043212890625 0.19075520833333334 0.08642578125
0 0.14485677083333334 0.29052734375 0.2506510416666667 0.197265625
0 0.2819010416666667 0.262451171875 0.34375 0.2724609375
0 0.06966145833333333 0.591796875 0.13932291666666666 0.203125
0 0.12467447916666667 0.640869140625 0.24934895833333334 0.21923828125
0 0.5016276041666666 0.06005859375 0.19466145833333334 0.1201171875
0 0.5563151041666666 0.024169921875 0.138671875 0.04833984375
0 0.3310546875 0.081298828125 0.12890625 0.099609375
0 0.2679036458333333 0.1552734375 0.16341145833333334 0.13330078125
0 0.21028645833333334 0.207763671875 0.150390625 0.1240234375
0 0.12890625 0.208251953125 0.12565104166666666 0.10205078125
0 0.054361979166666664 0.23486328125 0.10872395833333333 0.0810546875
0 0.9527994791666666 0.581787109375 0.09440104166666667 0.31201171875