0 0.7421875 0.7431640625 0.513671875 0.509765625
0 0.13997395833333334 0.71533203125 0.2779947916666667 0.4208984375
0 0.2981770833333333 0.271484375 0.0859375 0.119140625
0 0.2864583333333333 0.26806640625 0.08333333333333333 0.0986328125
0 0.13346354166666666 0.2763671875 0.18359375 0.1337890625
0 0.4329427083333333 0.306640625 0.059244791666666664 0.15478515625
0 0.6985677083333334 0.3525390625 0.21809895833333334 0.0986328125
0 0.365234375 0.2197265625 0.054036458333333336 0.05322265625
0 0.5149739583333334 0.3828125 0.17708333333333334 0.21142578125
0 0.043619791666666664 0.35498046875 0.08658854166666667 0.14208984375
0 0.6595052083333334 0.2841796875 0.14778645833333334 0.1025390625
0 0.85546875 0.30615234375 0.13541666666666666 0.158203125
0 0.4225260416666667 0.2021484375 0.046223958333333336 0.0478515625