0 0.7392578125 0.57958984375 0.521484375 0.638671875
0 0.3929036458333333 0.802978515625 0.564453125 0.39404296875
0 0.1533203125 0.4130859375 0.16536458333333334 0.1337890625
0 0.14127604166666666 0.415771484375 0.146484375 0.1162109375
0 0.07747395833333333 0.49267578125 0.15494791666666666 0.1904296875
0 0.2884114583333333 0.378662109375 0.173828125 0.1494140625
0 0.5354817708333334 0.2919921875 0.2526041666666667 0.17822265625
0 0.16373697916666666 0.34130859375 0.08658854166666667 0.06689453125
0 0.4156901041666667 0.400634765625 0.3131510416666667 0.24853515625
0 0.056966145833333336 0.596435546875 0.11393229166666667 0.15185546875
0 0.4485677083333333 0.25634765625 0.20052083333333334 0.14892578125
0 0.62109375 0.18310546875 0.236328125 0.18701171875
0 0.1943359375 0.301025390625 0.07552083333333333 0.05908203125