0 0.7350260416666666 0.2177734375 0.23958333333333334 0.18798828125
0 0.384765625 0.5810546875 0.5533854166666666 0.68896484375
0 0.8984375 0.28759765625 0.20247395833333334 0.138671875
0 0.9537760416666666 0.14404296875 0.091796875 0.142578125
0 0.3997395833333333 0.16943359375 0.14192708333333334 0.16748046875
0 0.5299479166666666 0.21240234375 0.18619791666666666 0.2373046875
0 0.09375 0.111328125 0.13997395833333334 0.11474609375
0 0.10872395833333333 0.13037109375 0.046875 0.0810546875
0 0.047526041666666664 0.34326171875 0.09505208333333333 0.20361328125
0 0.07877604166666667 0.42578125 0.15690104166666666 0.18701171875
0 0.8854166666666666 0.1455078125 0.09895833333333333 0.14013671875
0 0.9720052083333334 0.13037109375 0.048177083333333336 0.12060546875
0 0.7200520833333334 0.0947265625 0.07942708333333333 0.080078125
0 0.6087239583333334 0.12255859375 0.07356770833333333 0.126953125
0 0.5201822916666666 0.13623046875 0.06315104166666667 0.12109375
0 0.4563802083333333 0.09814453125 0.05859375 0.095703125
0 0.375 0.0830078125 0.09114583333333333 0.048828125
0 0.8984375 0.84765625 0.20247395833333334 0.2783203125