0 0.6979166666666666 0.251220703125 0.330078125 0.1826171875
0 0.3404947916666667 0.225341796875 0.361328125 0.19287109375
0 0.12174479166666667 0.206298828125 0.16861979166666666 0.16845703125
0 0.7763671875 0.14404296875 0.08723958333333333 0.02734375
0 0.9137369791666666 0.27099609375 0.17252604166666666 0.1494140625
0 0.478515625 0.12744140625 0.13606770833333334 0.02880859375
0 0.8486328125 0.1728515625 0.15690104166666666 0.05517578125
0 0.4635416666666667 0.213623046875 0.232421875 0.19140625
0 0.6985677083333334 0.162353515625 0.19401041666666666 0.0546875
0 0.9085286458333334 0.23193359375 0.18294270833333334 0.162109375
0 0.11100260416666667 0.11572265625 0.09309895833333333 0.04443359375
0 0.2718098958333333 0.1318359375 0.173828125 0.04541015625