0 0.8977864583333334 0.17236328125 0.203125 0.34423828125
0 0.453125 0.45166015625 0.3723958333333333 0.31494140625
0 0.7102864583333334 0.32177734375 0.466796875 0.36083984375
0 0.24544270833333334 0.552734375 0.3092447916666667 0.24560546875
0 0.11848958333333333 0.62841796875 0.236328125 0.1826171875
0 0.7037760416666666 0.09423828125 0.22135416666666666 0.10791015625
0 0.5078125 0.18212890625 0.1328125 0.12451171875
0 0.2513020833333333 0.33154296875 0.054036458333333336 0.05615234375
0 0.3053385416666667 0.32666015625 0.12565104166666666 0.09814453125
0 0.14973958333333334 0.40380859375 0.056640625 0.05908203125
0 0.19010416666666666 0.39697265625 0.09440104166666667 0.0673828125
0 0.3912760416666667 0.2578125 0.07552083333333333 0.12255859375
0 0.6634114583333334 0.064453125 0.13997395833333334 0.1123046875
0 0.5319010416666666 0.1298828125 0.080078125 0.0625
0 0.3522135416666667 0.2392578125 0.076171875 0.0517578125