0 0.111328125 0.42578125 0.15690104166666666 0.15869140625
0 0.111328125 0.423828125 0.16080729166666666 0.158203125
0 0.3326822916666667 0.787109375 0.4505208333333333 0.42333984375
0 0.73046875 0.33447265625 0.09765625 0.07958984375
0 0.2734375 0.41845703125 0.15625 0.14404296875
0 0.2662760416666667 0.40771484375 0.15364583333333334 0.12890625
0 0.51171875 0.3720703125 0.11002604166666667 0.111328125
0 0.8294270833333334 0.3251953125 0.09895833333333333 0.072265625
0 0.9108072916666666 0.4853515625 0.177734375 0.20361328125
0 0.9055989583333334 0.49853515625 0.17252604166666666 0.22265625
0 0.6901041666666666 0.5927734375 0.24609375 0.34033203125
0 0.74609375 0.4580078125 0.18424479166666666 0.17626953125
0 0.611328125 0.36669921875 0.10611979166666667 0.11767578125
0 0.15104166666666666 0.72265625 0.3014322916666667 0.39599609375
0 0.3255208333333333 0.38623046875 0.072265625 0.12060546875
0 0.501953125 0.353515625 0.080078125 0.1025390625
0 0.9342447916666666 0.30908203125 0.033854166666666664 0.06884765625
0 0.8951822916666666 0.31640625 0.055338541666666664 0.06689453125
0 0.802734375 0.31884765625 0.055989583333333336 0.07666015625
0 0.5403645833333334 0.4443359375 0.154296875 0.07568359375