0 0.7747395833333334 0.676025390625 0.4505208333333333 0.53271484375
0 0.3238932291666667 0.122802734375 0.189453125 0.1630859375
0 0.08235677083333333 0.347900390625 0.16471354166666666 0.31005859375
0 0.1884765625 0.26220703125 0.3515625 0.26123046875
0 0.6634114583333334 0.14794921875 0.3600260416666667 0.2841796875
0 0.4205729166666667 0.228759765625 0.3671875 0.2333984375
0 0.587890625 0.078369140625 0.21354166666666666 0.15673828125
0 0.30078125 0.656005859375 0.6015625 0.68798828125
0 0.13151041666666666 0.173583984375 0.16666666666666666 0.107421875
0 0.3030598958333333 0.093017578125 0.17122395833333334 0.1220703125
0 0.4521484375 0.036865234375 0.10481770833333333 0.07373046875
0 0.5882161458333334 0.030517578125 0.16731770833333334 0.06103515625
0 0.08463541666666667 0.1611328125 0.16927083333333334 0.123046875