0 0.2672526041666667 0.538330078125 0.34375 0.27392578125
0 0.4703776041666667 0.38134765625 0.296875 0.25146484375
0 0.5260416666666666 0.7490234375 0.6276041666666666 0.501953125
0 0.7545572916666666 0.13720703125 0.146484375 0.134765625
0 0.6637369791666666 0.3427734375 0.3483072916666667 0.2841796875
0 0.2779947916666667 0.80810546875 0.3782552083333333 0.33837890625
0 0.853515625 0.37060546875 0.2740885416666667 0.19677734375
0 0.52734375 0.18701171875 0.10221354166666667 0.07861328125
0 0.337890625 0.39306640625 0.21614583333333334 0.18603515625
0 0.08430989583333333 0.449462890625 0.16861979166666666 0.15380859375
0 0.7864583333333334 0.2626953125 0.2623697916666667 0.20166015625