0 0.5859375 0.437744140625 0.12239583333333333 0.11767578125
0 0.6103515625 0.39453125 0.07486979166666667 0.0751953125
0 0.5615234375 0.379638671875 0.056640625 0.05224609375
0 0.64453125 0.38525390625 0.031901041666666664 0.068359375
0 0.5169270833333334 0.413330078125 0.10546875 0.154296875
0 0.4358723958333333 0.461181640625 0.11653645833333333 0.142578125
0 0.3310546875 0.427978515625 0.10807291666666667 0.16357421875
0 0.3050130208333333 0.4814453125 0.061197916666666664 0.0751953125
0 0.298828125 0.495361328125 0.044921875 0.07275390625
0 0.3304036458333333 0.462646484375 0.08723958333333333 0.0693359375
0 0.3196614583333333 0.4716796875 0.064453125 0.07080078125