0 0.2877604166666667 0.451171875 0.099609375 0.12060546875
0 0.181640625 0.4541015625 0.064453125 0.1318359375
0 0.4348958333333333 0.43798828125 0.09505208333333333 0.09619140625
0 0.5319010416666666 0.44384765625 0.08463541666666667 0.1064453125
0 0.6009114583333334 0.42138671875 0.028645833333333332 0.06884765625
0 0.6536458333333334 0.40625 0.046223958333333336 0.0458984375
0 0.779296875 0.43017578125 0.10026041666666667 0.080078125
0 0.888671875 0.42919921875 0.06640625 0.099609375
0 0.21809895833333334 0.44384765625 0.07161458333333333 0.115234375
0 0.318359375 0.43701171875 0.068359375 0.10107421875
0 0.4518229166666667 0.4130859375 0.06380208333333333 0.0537109375
0 0.5221354166666666 0.38671875 0.05078125 0.01025390625