0 0.234375 0.25146484375 0.3515625 0.1953125
0 0.6022135416666666 0.23046875 0.3248697916666667 0.1845703125
0 0.9231770833333334 0.21630859375 0.15234375 0.15478515625
0 0.65234375 0.0908203125 0.08333333333333333 0.02587890625
0 0.046223958333333336 0.27587890625 0.091796875 0.14599609375
0 0.578125 0.1259765625 0.19270833333333334 0.0439453125
0 0.7298177083333334 0.11474609375 0.154296875 0.05126953125
0 0.8033854166666666 0.1943359375 0.19986979166666666 0.2041015625
0 0.3567708333333333 0.21826171875 0.12890625 0.20849609375
0 0.3541666666666667 0.2109375 0.208984375 0.1962890625
0 0.13997395833333334 0.15673828125 0.1796875 0.06103515625
0 0.8020833333333334 0.1162109375 0.19075520833333334 0.0537109375