0 0.7731119791666666 0.23779296875 0.2643229166666667 0.20556640625
0 0.3740234375 0.571533203125 0.646484375 0.728515625
0 0.9075520833333334 0.320068359375 0.18489583333333334 0.15380859375
0 0.97265625 0.181396484375 0.0546875 0.14892578125
0 0.4462890625 0.163330078125 0.16471354166666666 0.177734375
0 0.5699869791666666 0.21630859375 0.21809895833333334 0.25048828125
0 0.15006510416666666 0.08154296875 0.15494791666666666 0.125
0 0.16243489583333334 0.101806640625 0.057942708333333336 0.08447265625
0 0.07194010416666667 0.30859375 0.123046875 0.2099609375
0 0.09147135416666667 0.39306640625 0.18229166666666666 0.1982421875
0 0.9326171875 0.177734375 0.11783854166666667 0.14697265625
0 0.775390625 0.1142578125 0.08984375 0.0859375
0 0.6608072916666666 0.133056640625 0.09114583333333333 0.1318359375
0 0.5706380208333334 0.139892578125 0.07942708333333333 0.12548828125
0 0.5126953125 0.096923828125 0.07161458333333333 0.099609375
0 0.4339192708333333 0.075439453125 0.09765625 0.0556640625
0 0.8473307291666666 0.865234375 0.240234375 0.26953125