0 0.4521484375 0.3349609375 0.3046875 0.3583984375
0 0.4469401041666667 0.083984375 0.0859375 0.07421875
0 0.4498697916666667 0.075439453125 0.07486979166666667 0.05615234375
0 0.5563151041666666 0.0751953125 0.08333333333333333 0.03759765625
0 0.17578125 0.106689453125 0.052083333333333336 0.064453125
0 0.3450520833333333 0.095458984375 0.10611979166666667 0.052734375
0 0.3544921875 0.093994140625 0.08333333333333333 0.04345703125
0 0.8740234375 0.076416015625 0.13411458333333334 0.0654296875
0 0.8805338541666666 0.041259765625 0.09765625 0.037109375
0 0.685546875 0.063232421875 0.068359375 0.02001953125
0 0.685546875 0.08984375 0.10611979166666667 0.0537109375
0 0.0869140625 0.134033203125 0.13802083333333334 0.1220703125
0 0.0087890625 0.165771484375 0.017578125 0.10009765625
0 0.4514973958333333 0.229736328125 0.23307291666666666 0.20556640625
0 0.4680989583333333 0.1943359375 0.189453125 0.17822265625