0 0.3190104166666667 0.383544921875 0.32421875 0.26708984375
0 0.6083984375 0.410888671875 0.275390625 0.24853515625
0 0.25390625 0.681884765625 0.5078125 0.55615234375
0 0.986328125 0.433837890625 0.02734375 0.13525390625
0 0.7659505208333334 0.50341796875 0.3268229166666667 0.27880859375
0 0.10546875 0.55224609375 0.2109375 0.337890625
0 0.8505859375 0.634033203125 0.265625 0.1865234375
0 0.8499348958333334 0.328125 0.09765625 0.07568359375
0 0.5162760416666666 0.338623046875 0.19921875 0.1845703125
0 0.294921875 0.21240234375 0.1875 0.1494140625
0 0.9000651041666666 0.528564453125 0.19986979166666666 0.19482421875