0 0.4925130208333333 0.1171875 0.4615885416666667 0.234375
0 0.421875 0.488525390625 0.55859375 0.4208984375
0 0.4918619791666667 0.26220703125 0.6692708333333334 0.50244140625
0 0.3616536458333333 0.668701171875 0.44921875 0.337890625
0 0.337890625 0.7890625 0.3391927083333333 0.25439453125
0 0.2799479166666667 0.09912109375 0.259765625 0.1923828125
0 0.216796875 0.263427734375 0.21028645833333334 0.1591796875
0 0.1650390625 0.50390625 0.09049479166666667 0.06884765625
0 0.19986979166666666 0.472900390625 0.18098958333333334 0.13623046875
0 0.15625 0.60888671875 0.09505208333333333 0.072265625
0 0.1796875 0.583251953125 0.13020833333333334 0.09765625
0 0.2001953125 0.37841796875 0.16666666666666666 0.12841796875
0 0.22330729166666666 0.097900390625 0.20442708333333334 0.15380859375
0 0.18684895833333334 0.212890625 0.115234375 0.08642578125
0 0.15494791666666666 0.385009765625 0.10286458333333333 0.07666015625