0 0.7952473958333334 0.31298828125 0.3639322916666667 0.2392578125
0 0.4684244791666667 0.201416015625 0.3951822916666667 0.25634765625
0 0.2698567708333333 0.1298828125 0.22005208333333334 0.1865234375
0 0.916015625 0.23095703125 0.08658854166666667 0.04541015625
0 0.9430338541666666 0.39111328125 0.11393229166666667 0.185546875
0 0.6412760416666666 0.142333984375 0.12890625 0.05908203125
0 0.9459635416666666 0.27587890625 0.10807291666666667 0.0869140625
0 0.58984375 0.220458984375 0.2845052083333333 0.22216796875
0 0.8343098958333334 0.2294921875 0.19010416666666666 0.095703125
0 0.9443359375 0.34814453125 0.111328125 0.1875
0 0.2991536458333333 0.041748046875 0.099609375 0.0615234375
0 0.4440104166666667 0.09619140625 0.16861979166666666 0.0830078125