0 0.6497395833333334 0.23291015625 0.3046875 0.15234375
0 0.291015625 0.24462890625 0.3352864583333333 0.15966796875
0 0.07096354166666667 0.24853515625 0.14127604166666666 0.1552734375
0 0.7076822916666666 0.11865234375 0.08463541666666667 0.0185546875
0 0.8951822916666666 0.22705078125 0.20703125 0.12890625
0 0.4095052083333333 0.13330078125 0.134765625 0.0146484375
0 0.7845052083333334 0.1396484375 0.15104166666666666 0.0400390625
0 0.4108072916666667 0.22021484375 0.20247395833333334 0.171875
0 0.6341145833333334 0.14501953125 0.189453125 0.03515625
0 0.861328125 0.19140625 0.17057291666666666 0.1455078125
0 0.043619791666666664 0.16015625 0.08723958333333333 0.03564453125
0 0.20572916666666666 0.1591796875 0.17057291666666666 0.02783203125