0 0.3460286458333333 0.380126953125 0.16536458333333334 0.1416015625
0 0.2513020833333333 0.343994140625 0.14127604166666666 0.138671875
0 0.4830729166666667 0.422119140625 0.14518229166666666 0.11865234375
0 0.5641276041666666 0.46240234375 0.142578125 0.1240234375
0 0.6389973958333334 0.468017578125 0.06966145833333333 0.07080078125
0 0.6949869791666666 0.473876953125 0.0703125 0.05712890625
0 0.7893880208333334 0.54052734375 0.13932291666666666 0.1064453125
0 0.8857421875 0.579345703125 0.12239583333333333 0.111328125
0 0.2897135416666667 0.348388671875 0.13736979166666666 0.126953125
0 0.3818359375 0.37890625 0.125 0.11328125
0 0.5139973958333334 0.406494140625 0.09049479166666667 0.0703125
0 0.5924479166666666 0.408935546875 0.05078125 0.02734375