0 0.9436848958333334 0.61572265625 0.11263020833333333 0.3203125
0 0.6995442708333334 0.743408203125 0.6009114583333334 0.51318359375
0 0.08040364583333333 0.425537109375 0.150390625 0.11376953125
0 0.07584635416666667 0.427734375 0.12955729166666666 0.119140625
0 0.23307291666666666 0.427001953125 0.126953125 0.16015625
0 0.3564453125 0.487548828125 0.2701822916666667 0.2509765625
0 0.6080729166666666 0.327392578125 0.14908854166666666 0.1513671875
0 0.4407552083333333 0.354248046875 0.18098958333333334 0.13623046875
0 0.2685546875 0.891845703125 0.2936197916666667 0.21630859375
0 0.5100911458333334 0.4111328125 0.2421875 0.1484375
0 0.16536458333333334 0.31884765625 0.059244791666666664 0.04931640625