0 0.2659505208333333 0.255859375 0.2565104166666667 0.197265625
0 0.267578125 0.25439453125 0.2584635416666667 0.19873046875
0 0.23958333333333334 0.638916015625 0.4791666666666667 0.54150390625
0 0.818359375 0.484375 0.14322916666666666 0.10791015625
0 0.396484375 0.328369140625 0.24283854166666666 0.185546875
0 0.4000651041666667 0.316650390625 0.22786458333333334 0.1728515625
0 0.6184895833333334 0.40771484375 0.1796875 0.13818359375
0 0.9020182291666666 0.52490234375 0.13802083333333334 0.10302734375
0 0.8271484375 0.686767578125 0.310546875 0.24169921875
0 0.8118489583333334 0.6943359375 0.3229166666666667 0.25390625
0 0.5660807291666666 0.66259765625 0.48046875 0.37939453125
0 0.724609375 0.58642578125 0.2923177083333333 0.2236328125
0 0.6995442708333334 0.45166015625 0.18229166666666666 0.14111328125
0 0.16341145833333334 0.502197265625 0.3268229166666667 0.44873046875
0 0.4638671875 0.32861328125 0.15885416666666666 0.12744140625
0 0.626953125 0.388671875 0.14908854166666666 0.1171875
0 0.9768880208333334 0.562744140625 0.046223958333333336 0.06884765625
0 0.955078125 0.5498046875 0.08984375 0.078125
0 0.8870442708333334 0.507080078125 0.10872395833333333 0.0859375
0 0.5787760416666666 0.476806640625 0.18294270833333334 0.13232421875