0 0.935546875 0.73486328125 0.12630208333333334 0.30615234375
0 0.6100260416666666 0.78955078125 0.5071614583333334 0.41845703125
0 0.13541666666666666 0.3271484375 0.11783854166666667 0.08984375
0 0.13020833333333334 0.328125 0.08984375 0.10302734375
0 0.279296875 0.36572265625 0.06380208333333333 0.15283203125
0 0.3697916666666667 0.453125 0.185546875 0.2177734375
0 0.6770833333333334 0.36328125 0.095703125 0.13525390625
0 0.5071614583333334 0.34765625 0.14192708333333334 0.107421875
0 0.09049479166666667 0.85888671875 0.18098958333333334 0.2822265625
0 0.5481770833333334 0.41845703125 0.208984375 0.10302734375
0 0.2623697916666667 0.2470703125 0.044270833333333336 0.04052734375