0 0.2727864583333333 0.44580078125 0.22981770833333334 0.216796875
0 0.5533854166666666 0.38623046875 0.17838541666666666 0.21337890625
0 0.337890625 0.74951171875 0.34375 0.49462890625
0 0.9622395833333334 0.28125 0.07421875 0.12353515625
0 0.7467447916666666 0.42529296875 0.22395833333333334 0.2314453125
0 0.10221354166666667 0.68359375 0.20442708333333334 0.30224609375
0 0.892578125 0.5205078125 0.21223958333333334 0.13525390625
0 0.732421875 0.2392578125 0.07291666666666667 0.05908203125
0 0.4309895833333333 0.3466796875 0.12565104166666666 0.16064453125
0 0.16145833333333334 0.29541015625 0.13671875 0.11865234375
0 0.90625 0.40185546875 0.185546875 0.15234375